15
10
-2 -11 -18 -23 -26 -68 -71 -72 -71 -68
-15 -24 -31 -36 -39 -71 -74 -75 -74 -71
-26 -35 -42 -47 -50 -72 -75 -76 -75 -72
-35 -44 -51 -56 -59 -71 -74 -75 -74 -71
-42 -51 -58 -63 -66 -68 -71 -72 -71 -68
-47 -56 -63 -68 -71 -72 -71 -68 -63 -56
-50 -59 -66 -71 -74 -75 -74 -71 -66 -59
-51 -60 -67 -72 -75 -76 -75 -72 -67 -60
-50 -59 -66 -71 -74 -75 -74 -71 -66 -59
-47 -56 -63 -68 -71 -72 -71 -68 -63 -56
-68 -71 -72 -71 -68 -67 -66 -63 -58 -51
-71 -74 -75 -74 -71 -60 -59 -56 -51 -44
-72 -75 -76 -75 -72 -51 -50 -47 -42 -35
-71 -74 -75 -74 -71 -40 -39 -36 -31 -24
-68 -71 -72 -71 -68 -27 -26 -23 -18 -11
